0.800782262776,-0.449129357663,0.971400743109
0.463459566177,-0.414139944938,0.837240707325
0.0872315219213,0.121750932227,1.45094883841
-0.0566732532285,0.278203946826,1.58331430108
-0.182440735854,0.609213649057,1.02760066038
-0.154724488263,0.600276352296,1.02572054213
-0.0823402622719,0.586994114651,1.02475399067
-0.0301253119915,0.575722151129,1.02912949108
0.0348389973046,0.564188142759,1.02271380366
0.0802648730546,0.556137763926,1.0219938401
0.134115547088,0.548087433953,1.02154546626
0.179034446999,0.541601063133,1.02199537279
0.210612277269,0.537085515793,1.02207711087
0.246678759955,0.534237395281,1.02265635783
0.272007264834,0.532888001429,1.02215151559
0.305412267308,0.530597049355,1.02334941962
0.332356219689,0.528203995478,1.02360197227
0.36897707833,0.525885332565,1.02490188118
0.407991051543,0.525572160745,1.02544183528
0.436652688473,0.525625836483,1.02525205139
0.473106190737,0.522997511864,1.0267209177
0.501578470564,0.520455935957,1.02654446029
0.538346497739,0.51484252139,1.02636017284
0.575649810789,0.510978715808,1.02564661134
0.598255343934,0.504781897277,1.02585665153
0.624117986699,0.501030610273,1.02595866659
0.640868518313,0.498774388441,1.02521934002
0.664075831328,0.498789380572,1.02542023577
0.685073750138,0.499996128818,1.02500334443
0.712372109755,0.502640050268,1.02488577666
0.731073924807,0.500896514671,1.02392963927
0.751605187022,0.499087960489,1.0235159277
0.763802092689,0.497895201033,1.02338132597
0.776431801065,0.496822661193,1.02289047954
0.783987280696,0.495102696385,1.02328407464
0.78846814838,0.493966035014,1.02303358033
0.788355007959,0.493815987192,1.02342914372
0.788859696444,0.493911315385,1.02259687341
0.788004537393,0.493949206251,1.02345401555
0.787884163363,0.493679833043,1.02351191518
0.788367457818,0.494061842831,1.02346745258
0.788293342516,0.494103917851,1.02331611322
0.788297071467,0.493841512168,1.02388981803
0.78849700533,0.494000727435,1.02347163696
0.787761028993,0.494172752877,1.02377893583
0.787662978625,0.494161671076,1.02396273654
0.788218189949,0.493937427232,1.02344477484
0.787881564736,0.494378763806,1.02362447649
0.788147329167,0.494054562176,1.02321514723
0.788021922689,0.494298743644,1.02363489
0.78950205046,0.494551420262,1.02311063109
0.791698919937,0.493696029519,1.0237357844
0.796247765652,0.493951871568,1.02310882576
0.80238501187,0.494802194253,1.02305483627
0.813791825325,0.496137964494,1.02310680017
0.82305195407,0.496559248193,1.0232735013
0.835556338778,0.498101707253,1.02360212817
0.845959971652,0.497093415297,1.02326250922
0.859991717452,0.498688428812,1.02315770069
0.875116873044,0.501168420731,1.02327264664
0.885749515128,0.504990261539,1.02316480302
0.900795051311,0.511522889159,1.02414698913
0.913569716595,0.514189725379,1.02367718219
0.930642103252,0.520035810903,1.02477655316
0.941227308326,0.522178380103,1.0255271114
0.95195677484,0.526356569381,1.02896501475
0.960138933963,0.528164571855,1.02985061272
0.971510252834,0.529258352302,1.03039888134
0.979956417307,0.530355377846,1.03042984966
0.988101147563,0.531657118425,1.03147853705
0.991760035299,0.531448835346,1.03015289739
0.992548619731,0.53133912128,1.02974345137
0.992228849348,0.532089620259,1.02967187806
0.993033690477,0.53118870933,1.02918842759
0.992816386181,0.531341984253,1.02968329714
0.993031044027,0.53056102152,1.02942138891
0.991374775562,0.532402251326,1.0291279248
0.991414096,0.534087664142,1.03066314195
0.9961640641,0.52918389915,1.03017333203
1.00732033768,0.526979829975,1.02490415611
1.02190948502,0.524049507786,1.02502140845
1.04593926536,0.506535711234,1.02335331753
1.04871549816,0.49233595461,1.02361618575
1.04959026426,0.475955565445,1.02341779539
1.04932444416,0.468036178897,1.02353797563
1.03563872454,0.430908246943,1.02294001906
1.02794276058,0.42291283241,1.0234200356
1.0118624516,0.412800428403,1.0235390846
0.991089463099,0.407661050819,1.02369014788
0.957512096935,0.397666092353,1.02380954203
0.916823615141,0.385857121169,1.02382686889
0.885097398778,0.375097353483,1.02286628915
0.842782069222,0.358216499114,1.02185604269
0.811520799577,0.346680444013,1.02208794616
0.774469507531,0.334979056037,1.02312371835
0.754072621007,0.327543116562,1.02262224342
0.737440617042,0.321178954198,1.02289644439
0.72663081528,0.318632157522,1.0237780212
0.719138033839,0.31713275631,1.02324394812
0.713679337273,0.314830735675,1.02275212106
0.707746748201,0.312542545603,1.02355904126
0.703470254739,0.312234426975,1.02388343731
0.702041289478,0.310888921322,1.02310469462
0.70211283384,0.310377834653,1.0231501651
0.701665156513,0.310853308418,1.02396234713
0.701448157172,0.310768781481,1.02379360717
0.701528461561,0.310830669122,1.02381574868
0.701581032149,0.310705963725,1.02376817073
0.701884125365,0.310930349468,1.02345353224
0.702134689106,0.310772160404,1.02297342184
0.701750670273,0.310818578933,1.02338590189
0.702034741367,0.310792071126,1.02348309267
0.70207051919,0.310665049335,1.02322927306
0.70179404009,0.310754433406,1.02342327551
0.701768802372,0.310558884606,1.02325293112
0.70191353464,0.310688821468,1.02345307911
0.700944672318,0.311007149374,1.02463429701
0.702087126097,0.310878284937,1.02339194136
0.701600659897,0.311080838718,1.02369789749
0.701982642744,0.310991860526,1.02350219567
0.702567616198,0.310685264049,1.02295367166
0.701892622941,0.310891430314,1.02372037151
0.702132918903,0.310785287976,1.02307210666
0.701737262096,0.310840809931,1.02349696804
0.701737338287,0.31077550172,1.02390424709
0.701654362416,0.310598773709,1.02388826131
0.702500452338,0.310452197455,1.02269656422
0.701677158662,0.31100551039,1.02347907049
0.701873180478,0.311075479217,1.02351829171
0.701775277015,0.310885343977,1.02375802979
0.70177847966,0.310718911001,1.02346631211
0.701646023651,0.310996407856,1.02356344362
0.70228669885,0.31065577218,1.02262495597
0.70185882821,0.3106440203,1.02331305645
0.702283188319,0.310560525891,1.02296275092
0.701791996273,0.31060336368,1.02347310641
0.701811449334,0.310926444498,1.02326952789
0.701902065152,0.310826040615,1.02335477944
0.702349278363,0.310836736155,1.02297748199
0.702053455675,0.310753285285,1.02342503881
0.701760190208,0.310903071449,1.02348776993
0.701699703258,0.31099686686,1.02365401107
0.701869335125,0.310910462453,1.02354776697
0.702259803059,0.310726649917,1.02304838046
0.702246549043,0.310501745682,1.02298504989
0.701656910048,0.310627489434,1.02361889093
0.701661439295,0.310946892445,1.02395322692
0.702352035476,0.3106665421,1.02304522869
0.70264001564,0.310610922918,1.02277615638
0.702310408643,0.310869922574,1.02303521141
0.702103259983,0.310759641221,1.02327343847
0.702042590686,0.310742671437,1.02330406687
0.701909644839,0.310868077639,1.02356417859
0.70172775778,0.310691554484,1.0233178548
0.70187665809,0.310771364543,1.02312262336
0.701844536199,0.310781382532,1.02355166925
0.701428958048,0.31100528147,1.02403974573
0.702199429975,0.310736577879,1.02303653717
0.701942116874,0.310983772767,1.02329915304
0.702067465737,0.311009753756,1.02329201807
0.701737982977,0.310855917408,1.02353312112
0.701824736409,0.310647395498,1.02339887219
0.702046188991,0.310692439978,1.02338309811
0.701795763265,0.310726281339,1.02359354919
0.701806963193,0.310797016049,1.02362069977
0.701280136667,0.310824640895,1.02397304797
0.701995888366,0.310666714642,1.02339156766
0.701989560136,0.310848113998,1.02349689988
0.702008957359,0.31091326635,1.02312198287
0.701591788747,0.311128042589,1.02352069763
0.702241585493,0.310910902379,1.02295808344
0.702218411645,0.310532595207,1.023176884
0.702023410725,0.310752445342,1.02350799704
0.702297279597,0.310485932057,1.02279502811
0.701757277096,0.31084249751,1.02343075203
0.701408563238,0.310931908165,1.02392148401
0.702313354493,0.310642806529,1.02320564214
0.701694099094,0.310848407127,1.02384343041
0.701377188283,0.311100399675,1.02393042505
0.701915641572,0.311114871827,1.02326015852
0.702053136919,0.310754194297,1.0235174288
0.701957526279,0.310688000123,1.0234172782
0.702351075732,0.310631918585,1.02296836023
0.701337314564,0.311037207086,1.02378520081
0.701563867147,0.310793753409,1.02338165811
0.701941901265,0.31059321621,1.02346892432
0.702208148637,0.310676288423,1.02324222206
0.701977842635,0.310843973612,1.02326827096
0.701659316383,0.311029826479,1.02343808904
0.702274249965,0.31071332689,1.02300179947
0.701791911639,0.310946455852,1.02410286642
0.701807852511,0.310645190765,1.02365198046
0.701814147918,0.310846869741,1.02322073448
0.701997841563,0.310920432643,1.02316544804
0.70220006798,0.310588981959,1.02327763491
0.702599652256,0.310509230712,1.02302044518
0.701286416536,0.311093489154,1.02392941066
0.701090783643,0.311124595474,1.02314462378
0.701857824315,0.311019202555,1.02374657547
0.702060810795,0.310832018641,1.02357466239
0.701921925407,0.310723072439,1.02345832206
0.701729718297,0.310809944583,1.02326968944
0.701648590779,0.310820495795,1.02339644266
0.701981374646,0.310763925503,1.02357990304
0.702389557749,0.310526015623,1.02295077975
0.70170534278,0.310828551394,1.02365896766
0.701953564339,0.310842054482,1.02306242878
0.701901503094,0.310940994703,1.02344252231
0.702712042899,0.310684885472,1.0227625153
0.702196342237,0.310855847753,1.02330336479
0.701791906593,0.31103783882,1.02366197864
0.702170905546,0.310699633656,1.0230490827
0.702131802859,0.310571248266,1.02326097191
0.701993871359,0.31070384954,1.02336724821
0.70204827549,0.310620911391,1.02324696959
0.701875574823,0.31082883382,1.02355363891
0.701919047077,0.31084636872,1.02346687474
0.702114500497,0.310791491422,1.02320441365
0.702080172851,0.310871151063,1.02326095817
0.701851241449,0.310851264445,1.02336704158
0.701952627618,0.310865490085,1.02323037018
0.701927316643,0.310827051618,1.0233379448
0.70207910283,0.310734058905,1.02300093888
0.701810772428,0.310834122948,1.02320162434
0.702561331131,0.310530691221,1.02263797245
0.701906151876,0.310603826413,1.02346179192
0.702084876163,0.310744818463,1.02317584413
0.702097863001,0.310837739379,1.02281990598
0.702386114895,0.310813487349,1.02275688496
0.701939288186,0.310794317056,1.02354229038
0.701972488,0.310799350684,1.02353746066
0.701757715339,0.310991532755,1.02316926842
0.701802908524,0.310890154384,1.02321215435
0.701637803805,0.310748318304,1.02365784745
0.702131905839,0.310536432917,1.02329096659
0.702228055512,0.310560248395,1.02290506201
0.701063841628,0.311241803233,1.02301242917
0.701835116163,0.311014636051,1.02322901333
0.70227622879,0.310711174832,1.02331984254
0.702225329763,0.310818934325,1.02365568489
0.701787624446,0.311026676787,1.02324710762
0.700932583821,0.310992173137,1.02318945661
0.702276753478,0.310676605405,1.0229731745
0.70195020704,0.310569692931,1.02357865935
0.702290124495,0.310538592759,1.02302919182
0.701709080095,0.31097846219,1.02315181301
0.701600516098,0.310984567614,1.02343210638
0.702472553519,0.310677479423,1.02279481019
0.701981601976,0.310777882678,1.0237493377
0.702047355449,0.310830425581,1.02306641538
0.701660753828,0.310863639056,1.02353042881
0.702440418735,0.31067009901,1.02330403067
0.702102122124,0.310527032176,1.02334744208
0.701776481998,0.31104834468,1.0231506349
0.701762220868,0.310864699319,1.02349968744
0.702060796986,0.310780385624,1.02338609781
0.702196406445,0.310807801858,1.0232182088
0.701567585718,0.311101925838,1.02354316249
0.702007390004,0.310632717395,1.02321153632
0.702244455792,0.310483395592,1.02315817233
0.702501567878,0.310615688955,1.02264439165
0.702087593957,0.310714592805,1.02302053587
0.701504923126,0.310922657486,1.02406457877
0.702068042432,0.310754839508,1.0232593411
0.702028859917,0.310815244604,1.02310928417
0.701818661221,0.310972112947,1.02323370477
0.701725453231,0.310962923359,1.02386209365
0.701883325832,0.310636535238,1.0234779447
0.701428987799,0.310964101769,1.02401357803
0.702069294845,0.310537892488,1.02298453646
0.70203233733,0.310593017201,1.02309996269
0.702288376788,0.310597356406,1.02277862276
0.702185407391,0.310732395192,1.02321468667
0.702121278192,0.310815117355,1.02325248705
0.702370069414,0.310738343464,1.02298495264
0.702118635717,0.31080063586,1.02311132716
0.702086289429,0.310911018075,1.02319200682
0.702230039332,0.310656887241,1.02301521291
0.702125648751,0.310655804964,1.02323683792
0.701943756922,0.310711023059,1.02343873086
0.701919884,0.31070032487,1.02332931982
0.701865355164,0.310817029688,1.02320911534
0.702157491392,0.310779014873,1.02320983218
0.702342582869,0.310596328,1.02289023438
0.701812505931,0.310832964152,1.02343601931
0.701661865169,0.311048323626,1.02363183988
0.701799779705,0.310754688907,1.02338047616
0.702451370019,0.31050222956,1.02275397643
0.702408829156,0.310605337965,1.02291222581
0.702083572734,0.310674633417,1.02329574156
0.701901144017,0.310825090734,1.02326870044
0.702288453551,0.310791571742,1.02286318295
0.70225454687,0.310793916563,1.02333912537
0.702462599596,0.310681798431,1.02305565952
0.702092902426,0.310883321278,1.02318100247
0.702201461518,0.310852402765,1.02319543383
0.70172705573,0.310777450291,1.02375132102
0.702686669656,0.310498534054,1.0227078569
0.702214985721,0.310673182611,1.02310493834
0.701821532263,0.310907325984,1.02343960591
0.702136760277,0.310857785331,1.02323063593
0.702537107546,0.310600136135,1.02279890537
0.702563872256,0.310647317988,1.02300991786
0.702121088412,0.310868368593,1.02337337393
0.702139765488,0.310931138131,1.02309692498
0.701933028995,0.31082347556,1.02351744709
0.701778174614,0.310886456856,1.02378194202
0.702419172351,0.31065140186,1.02308937405
0.701576542641,0.310937118555,1.02366719107
0.701943373473,0.310814974066,1.02343883262
0.701633997477,0.310760637236,1.02355921883
0.701807417569,0.310864625202,1.02377819446
0.702381375023,0.310685339432,1.02330924312
0.702276683221,0.310755027067,1.02273202895
0.701814650739,0.310865827313,1.02323749033
0.702580660935,0.310699439578,1.02266853444
0.702433959707,0.310541633928,1.02267715359
0.70205785499,0.310732838412,1.02334473157
0.702063474984,0.310693813022,1.0229668946
0.702343403012,0.310551596371,1.02273604367
0.702138341107,0.310717902366,1.02318662841
0.70187405123,0.310827534855,1.02361530003
0.701717345482,0.310896803165,1.02370899151
0.702277314958,0.310735312585,1.02279336967
0.701563839657,0.310955204175,1.02355022449
0.702306095037,0.310647868097,1.02282252115
0.702309582798,0.310717877184,1.02313019323
0.702347220224,0.31075905998,1.02286639678
0.702418414916,0.310619480521,1.02274478887
0.702480725043,0.310572734377,1.02257225963
0.702300471797,0.310549845001,1.02304354233
0.701835105178,0.310830021039,1.02364342931
0.702039286337,0.310933530214,1.02328486307
0.701930624752,0.310971474275,1.02318343846
0.701774936451,0.310811648992,1.02376353459
0.70213765342,0.310760684992,1.02333133084
0.702327741639,0.310716026019,1.02284056412
0.701918417496,0.310811233327,1.02314416864
0.701700202019,0.310941821518,1.02373505226
0.702265249417,0.310656626455,1.02310058967
0.702124777926,0.310725115441,1.02334784601
0.701802652184,0.310757400289,1.02343925833
0.702147486982,0.310854471297,1.02312645922
0.702440029002,0.310742435593,1.02318348074
0.701862688347,0.310865732757,1.02370178004
0.702121096567,0.310744499946,1.02331779653
0.702185233911,0.310799035803,1.02306070355
0.702239699281,0.310672283736,1.02316064098
0.7025963588,0.31060536214,1.02291270189
0.702426141267,0.310657230327,1.02315478231
0.702191982415,0.310737687922,1.02326425646
0.701892501253,0.311012997898,1.02333763503
0.702023449962,0.310859689507,1.02336325281
0.703022648507,0.310532993419,1.02241267324
0.702329114347,0.310682990773,1.02295640009
0.702215042654,0.310756632389,1.0228993914
0.701756314065,0.310788799976,1.02322999923
0.702305966671,0.310593779817,1.02295152128
0.702342139795,0.310463872696,1.02301368241
0.702007990616,0.310748489346,1.02310655767
0.701940052599,0.310878805989,1.02290343381
0.702665754264,0.310635947665,1.02246988163
0.702128974467,0.310649986925,1.02331905562
0.702319119742,0.310800766491,1.02315689878
0.812354700869,-0.317094703986,0.871411664264
0.702109442645,0.3109321369,1.02276558998
0.702519254452,0.310573463393,1.02227433267
0.702596139891,0.310511069348,1.02262642773
0.703329675607,0.31016786869,1.02155291644
0.703087169998,0.3104099321,1.02170615798
0.458480351753,-0.451330577415,0.863751325458
0.701823115117,0.310765145634,1.02209289832
0.702489391342,0.310591382932,1.02266039001
0.702680832347,0.310467523706,1.0224370313
0.702947213978,0.310525580366,1.02191024006
0.702463518709,0.310726913844,1.0223094386
0.702216957726,0.310528817435,1.02266610962
0.701918500255,0.310711567971,1.02329371132
0.702682482933,0.310331579127,1.02228808079
-0.143649181766,0.418018433387,1.84727744177
0.702387503097,0.310620678693,1.02251929216
-0.142610049816,0.465084456917,1.91384962135
-0.269287372678,0.208629731033,1.28649502136
-0.243342958548,0.351452083992,1.2763394083
0.702654017976,0.310674490706,1.02276948462
-0.118481526085,0.5793646829,2.0754782858
0.701958266411,0.310758072262,1.02349423102
0.702186614902,0.310709354294,1.02314653551
0.701763492599,0.310988045494,1.02328029625
0.702331717095,0.310709973381,1.02275310925
0.70249768198,0.310714133578,1.02284318008
0.702198038431,0.310692194937,1.02293973879
0.702448816991,0.310787312573,1.02274712731
0.701786004554,0.310982030753,1.02363775101
0.701649776126,0.310916638176,1.0236565488
0.702804724319,0.310717417575,1.02259071244
0.702499597443,0.310731976844,1.02281139526
0.702256153672,0.310781196061,1.02310971859
0.702153946375,0.310772894596,1.02303581632
0.702044245461,0.310942300796,1.0233299069
0.701044405967,0.311075493521,1.0243052137
0.702518994464,0.310746278398,1.02282250371
0.702173516438,0.31081530503,1.02307498015
0.702307329288,0.310877438253,1.02283462663
0.702236516055,0.310928249175,1.0229758217
0.702627715882,0.310696655307,1.02222414145
0.702553925343,0.31079102932,1.02251378094
0.702406649504,0.310716228568,1.02271029594
0.701756312953,0.311084374726,1.0234746349
0.702092342322,0.311040962764,1.02312323989
0.701766954991,0.311076745452,1.02300162954
0.702358425582,0.31071742337,1.0228198382
0.702155931123,0.310706623626,1.02305312364
0.701943861962,0.310807941899,1.02325787182
0.701912012231,0.310810892332,1.02327782427
0.701993956663,0.310812591207,1.02311374863
0.702472001334,0.310569777249,1.02276877279
0.702406515957,0.310921675667,1.0230791808
0.701695954347,0.311149764215,1.02314710626
0.702118644583,0.31114832167,1.02316032668
0.702260917301,0.310809538974,1.022980099
0.702846087811,0.310563965634,1.02244435642
0.702483554005,0.31069537277,1.02268054797
0.702550874293,0.310667048972,1.02254185982
0.7019224552,0.310691740718,1.02319873344
0.702417994496,0.31048359636,1.0228640352
0.702080867152,0.310648706333,1.02321881857
0.702246307306,0.310781340516,1.02266640155
0.702281207254,0.310808595124,1.02255833955
0.701934096221,0.310894981492,1.02318912391
0.702361670577,0.310708419524,1.02302342601
0.702248687703,0.310855817416,1.02304464462
0.700965009868,0.311220562482,1.02302441784
0.70197657575,0.310981739394,1.02276710676
0.701964745292,0.310689386828,1.02334730951
0.702271596609,0.31052696215,1.02304687142
0.701907730319,0.310703629602,1.02347241367
0.701825203613,0.310725107647,1.02307580222
0.702438971567,0.310902461646,1.02295911374
0.702349093298,0.310731576805,1.02296810728
0.702474964455,0.310676600444,1.02275499798
0.701894526899,0.311004144344,1.02362352065
0.702168185825,0.31095077302,1.02286802254
0.702357256077,0.310785510809,1.02262178462
0.702951832128,0.310488446612,1.02240483565
0.702008559038,0.31077850288,1.02340128469
0.70246610245,0.31062494088,1.02277708908
0.701966523737,0.310875469157,1.02331854592
0.702026602555,0.310824140009,1.02300111419
0.701955319078,0.31077053177,1.02367620311
0.702631469731,0.310458484907,1.02266980902
0.701853244171,0.31072987409,1.02353161821
0.701226739212,0.311022741697,1.02281501925
0.702118850352,0.310698493953,1.02264074706
0.702002272143,0.310784542866,1.02338477142
0.702639779026,0.310502924603,1.02287494476
0.702298569881,0.310691441904,1.02284938972
0.701759293611,0.311078678794,1.0227972528
0.701360796803,0.311069067438,1.02260413737
0.7021749946,0.31066929473,1.02316384598
0.702324322873,0.310665404466,1.0233643808
0.701550937741,0.311144178871,1.02330598269
0.701594474303,0.311131082192,1.02311491259
0.701101524857,0.310915526966,1.02308171018
0.702548563855,0.310298831072,1.02283005465
0.702577966592,0.310444432434,1.02282980064
0.702057677201,0.310975650312,1.02284768377
0.701156742211,0.311200494513,1.02267755518
0.702102787077,0.310831534885,1.02335395296
0.70216032521,0.310732089202,1.02352139694
0.702401844964,0.310794929637,1.02269065688
0.700699564848,0.311323760707,1.02326234424
0.700732267745,0.311236805538,1.0233359005
0.70190860493,0.310632947312,1.02337467101
0.70189497974,0.31046511714,1.0233876413
0.701849972814,0.310657427053,1.02324596111
0.701405574306,0.311043612452,1.02319575164
0.700122284997,0.311225219545,1.02383692248
0.702598248115,0.310650167255,1.02280756421
0.702664392657,0.310678191747,1.02274284825
0.702000840785,0.311128384028,1.02274108188
0.70157749047,0.31106852041,1.0222046059
0.702117693405,0.310812126386,1.02321510995
0.702136071287,0.310721893464,1.02352860805
0.702135572362,0.310794527274,1.02330825858
0.701216411933,0.310847836342,1.02251712948
0.701172756773,0.310876111919,1.02291466683
0.702483341339,0.310568187383,1.02282591946
0.7021085487,0.310616662097,1.02333620021
0.701833279218,0.310905120568,1.0234626364
-0.0195371537006,-0.410654553511,1.29709770293
-0.0196682255449,-0.410605565306,1.29714504993
-0.0195294206282,-0.41084258797,1.29674903054
-0.0194535577352,-0.410943478062,1.2973952563
-0.0194021226065,-0.411020973728,1.29773054492
-0.0195880059309,-0.410497890499,1.29703011538
-0.0195989344565,-0.410725331622,1.29712625249
-0.0195989451046,-0.410752327782,1.29750482655
-0.0194609654562,-0.411195585548,1.29800255246
-0.019492409456,-0.411341338078,1.2984470411
-0.0195272905154,-0.410939803363,1.29754205647
-0.019518847433,-0.41057508473,1.29725057949
-0.0196810870469,-0.411198240629,1.29816246146
-0.0195283013536,-0.410965143142,1.2973327074
-0.0196468415345,-0.411065041982,1.29772421454
-0.0194685094223,-0.410837575209,1.29747961602
-0.0195449018469,-0.410896945626,1.29768501355
-0.0195980658514,-0.411223358888,1.29809443391
-0.0195932931257,-0.410843372136,1.29776707526
-0.0196461450861,-0.411262681857,1.29794080125
-0.0194103521484,-0.411313955139,1.29824830672
-0.0195286358131,-0.410875754259,1.29780691525
-0.0195880849767,-0.411169344142,1.29812153981
-0.0195428731391,-0.410859759957,1.29779205655
-0.0194553801132,-0.410936615556,1.2975420938
-0.019432060595,-0.410788326172,1.29702491739
-0.0195405504123,-0.41101795628,1.29806235443
-0.0196209211745,-0.411236833524,1.2987179031
-0.019605132318,-0.410982519401,1.29749695756
-0.0196323159578,-0.411328024983,1.29858138972
-0.019531871845,-0.411032320881,1.29753791743
-0.0195868193376,-0.411275191665,1.29829162581
-0.019604897753,-0.410841609166,1.29759534556
-0.0194827132372,-0.410352495412,1.29672125429
-0.0196248773686,-0.411193936274,1.297972354
-0.0194025842753,-0.411116481074,1.29803478166
-0.0194693729355,-0.410901552377,1.29741993987
-0.0196115299871,-0.410912570633,1.29751491345
-0.0195995921036,-0.41101644174,1.29791679494
-0.019481509372,-0.41088482275,1.29699840535
-0.019434948902,-0.411300809407,1.29780599518
-0.019592443083,-0.411084347799,1.29790669016
-0.0194857037106,-0.410752615538,1.29765304824
-0.0194356590064,-0.410810772833,1.29779508139
-0.0194624613119,-0.410943622189,1.2980244846
-0.0194274467185,-0.41120773269,1.29812707904
-0.0194793790522,-0.411107647041,1.29758073328
-0.0197426058232,-0.410989567072,1.29757508358
-0.0195467339328,-0.410830642637,1.29732025733
-0.0194382569041,-0.411003602145,1.29724529057
-0.0195185141079,-0.410906901793,1.29738416597
-0.0196164125171,-0.410826290717,1.29730600758
-0.01962586346,-0.410622631522,1.29741095252
-0.0196081675968,-0.410674823766,1.29665801888
-0.0195708805091,-0.410994029696,1.29726785999
-0.0195403316216,-0.410853008549,1.29715773728
-0.019517366897,-0.410740092532,1.29713766575
-0.019664293201,-0.410723104306,1.29704415199
-0.0195793229814,-0.410870035111,1.29729228126
-0.0194279812646,-0.410407085418,1.29627298107
-0.0193649536096,-0.41112715987,1.29772778613
-0.0195700841999,-0.411187873768,1.29791573613
-0.019560241569,-0.410942597992,1.29760942754
-0.0195507838407,-0.410972284672,1.29744904778
-0.019466596555,-0.410941417811,1.29733890827
-0.0195908338752,-0.411066986485,1.29746818996
-0.0196743405718,-0.41113742091,1.29721408043
-0.0195464878271,-0.41080571171,1.29711318256
-0.0195714567259,-0.410699924178,1.29778444915
-0.0195228676108,-0.410840010244,1.29735173457
-0.0194584993358,-0.410716404165,1.29690468582
-0.019435067039,-0.410747209172,1.29686381259
-0.0195771273264,-0.410942498731,1.29729680183
-0.0193737256967,-0.41084345759,1.2977791743
-0.0195235483699,-0.410876945442,1.29711685685
-0.0194417703412,-0.410805558297,1.29734720355
-0.0195038447516,-0.410766455186,1.29708931702
-0.0195326407794,-0.410605822375,1.2969620921
-0.0194317208716,-0.410602784184,1.29715053623
-0.0195606387034,-0.410857627552,1.29721916989
-0.0195712937707,-0.410922149048,1.29727530845
-0.0194532652302,-0.41103713785,1.29764318619
-0.0195719038696,-0.410929327522,1.29715448588
-0.0194162203894,-0.410863477609,1.29739633569
-0.0194938408307,-0.410857855197,1.29743029534
-0.0195549755573,-0.410431513177,1.29674729026
-0.0194714093827,-0.410816658174,1.29695953349
-0.0195326422799,-0.411106452537,1.29798762629
-0.019485399796,-0.411110794428,1.29743199926
-0.0194127740989,-0.410919398365,1.29777435061
-0.0194694428275,-0.410945188809,1.2976151598
-0.01965024646,-0.410676050969,1.29730807105
-0.0196288990258,-0.410909557801,1.29794377019
-0.0194911215225,-0.410801167746,1.29731676175
-0.0195216115566,-0.411104790567,1.29746051392
-0.0194205656974,-0.41114146989,1.29772425653
-0.0196653036887,-0.411074452818,1.297417284
-0.01960430481,-0.410416142842,1.29663250921
-0.0195146413454,-0.410991554445,1.29807800303
-0.0195161209391,-0.410840033267,1.2973620126
-0.0193792269821,-0.411036076359,1.29738531482
-0.019432112495,-0.410869847376,1.29703407271
-0.0195794780212,-0.410739478738,1.29737557864
-0.0196057394043,-0.410951837074,1.29805657941
-0.0196351327986,-0.410898866305,1.29742905353
-0.0193539442706,-0.410782841389,1.29666892903
-0.019423300401,-0.411051933796,1.29759525848
-0.0195085785778,-0.411088125347,1.29738054012
-0.0195728804275,-0.410763181943,1.29708105099
-0.019659553258,-0.410932553789,1.29818120794
-0.0195363690494,-0.411152961389,1.29779865146
-0.0195176952741,-0.411091595679,1.29786978974
-0.0194122291783,-0.410973389952,1.29755074676
-0.0195703253808,-0.410659427537,1.29737988568
-0.0196163835548,-0.410763044733,1.29731147288
-0.0195212973089,-0.410909398419,1.29773522359
-0.0194712519226,-0.411154596563,1.29787179646
-0.0194226259534,-0.410882396617,1.29731858054
-0.0196007877067,-0.410952183448,1.297637887
-0.019627290403,-0.410954600397,1.29772688453
-0.0196753778147,-0.411000751754,1.29800998819
-0.0194387449036,-0.411222743521,1.29812604606
-0.019487962525,-0.411067579396,1.2978838793
-0.0194684809032,-0.410973806051,1.29765204022
-0.0196498369968,-0.410949867635,1.29785258743
-0.0194853187252,-0.410756089935,1.29719475843
-0.0194162108654,-0.410904376279,1.29700296278
-0.0195458583167,-0.410706693872,1.29699881659
-0.0195820201671,-0.411060837382,1.29757368327
-0.0197406661287,-0.410887031345,1.2976131393
-0.0193748819756,-0.410954244546,1.29756339121
-0.019537618331,-0.411293721812,1.29808132185
-0.0194162211613,-0.410938386769,1.29720220964
-0.0196285947935,-0.410655448424,1.29735884554
-0.0196960796397,-0.410865529076,1.2976370594
-0.0195327861348,-0.41094971888,1.29733574866
-0.0195433845612,-0.410829598273,1.29682344732
-0.0196476065716,-0.411046007313,1.29747848402
-0.0195448379271,-0.409954163787,1.29686793806
-0.0196572882217,-0.410885320311,1.29773328743
-0.0193239120812,-0.410794912188,1.29742152909
-0.0194823130814,-0.411416548834,1.29856432581
-0.0194777764955,-0.410844190829,1.29698970772
-0.0195447582157,-0.409913855967,1.29726003076
-0.0195278979435,-0.410679811454,1.29713659411
-0.0196163128763,-0.411223079784,1.29809552086
-0.0194422718108,-0.411098594372,1.29779149298
-0.0197281180616,-0.411209299029,1.29824643281
-0.0194897484765,-0.410720323484,1.29714754805
-0.0195366703023,-0.411139995268,1.29799010556
-0.0194133825107,-0.411188128303,1.29786662037
-0.0193750201787,-0.410838519721,1.29710900793
-0.0196852515893,-0.410930182726,1.2976509286
-0.0195659723315,-0.410502336548,1.29671683922
-0.0193436412758,-0.410783859754,1.29725819309
-0.0194334379283,-0.410843503645,1.2971086077
-0.019533425139,-0.41118020713,1.29838073859
-0.0197388064439,-0.410709864727,1.2974885513
-0.0196514641645,-0.410902728604,1.29729254166
-0.0194565094973,-0.410928861299,1.29761246728
-0.0194977241892,-0.411096293784,1.29781103099
-0.019552897806,-0.410988642861,1.29751927382
-0.0195418214024,-0.410907660464,1.29777269627
-0.0195530335991,-0.410916284072,1.29792691922
-0.0195357058328,-0.411047634817,1.29793577425
-0.0193119341412,-0.410968479538,1.2973479225
-0.0194983243723,-0.410909665921,1.29762407705
-0.0195453207326,-0.410636258185,1.29732372822
-0.0194109305956,-0.410795606596,1.29716803784
-0.0194780956021,-0.411255677586,1.29757166681
-0.0194999210957,-0.410856009284,1.29736422691
-0.0194924706334,-0.411007586392,1.29777069781
-0.0196210465753,-0.410846748802,1.29737288126
0.701923779974,0.311859174178,1.02325571421
0.701863197501,0.311829414385,1.02353115604
0.70174138159,0.31211333025,1.02349818145
0.701662756705,0.312087701139,1.02377178646
0.701711458775,0.311949263216,1.02340337681
0.702085911137,0.311888168657,1.02334898325
0.70181230069,0.31183164791,1.02357011628
0.701925627007,0.311932663101,1.02322320545
0.701832309974,0.311848321313,1.02332492145
0.701796214791,0.311995742878,1.02338611375
0.701614969924,0.312051192181,1.02366092648
0.70163961501,0.312048177652,1.02346999215
0.702078308905,0.311937435997,1.02289420661
0.701320274939,0.312173705088,1.02368000597
0.701900832055,0.311871089908,1.02313202105
0.702164523141,0.311832473966,1.02304739617
0.702074434354,0.311851161254,1.02299544059
0.702353595311,0.311797707339,1.02236565808
0.701817806038,0.311819953844,1.02309944941
0.701478110985,0.312040394019,1.02351377416
0.702098848152,0.31183635524,1.02292581476
0.701134709297,0.312105956271,1.02410744646
0.701753546346,0.312013843648,1.02323756242
0.701876077473,0.311997008139,1.02317652346
0.701538399991,0.312076178069,1.02369054115
0.701682660808,0.312072686555,1.02312577426
0.70202071003,0.311742723764,1.02313445161
0.701939109874,0.311990415108,1.02295221465
0.701554837872,0.31200433624,1.0234971528
0.702194915137,0.311878569706,1.02301961112
0.70152929534,0.312004710688,1.02367441938
0.701969225731,0.311843161489,1.02333005136
0.701835530995,0.311867519854,1.02306694293
0.701767688269,0.311972178515,1.02334561757
0.701628051186,0.312015688683,1.02357804802
0.701361830392,0.311962401375,1.02406007367
0.70170021393,0.311951089982,1.02332523811
0.701666261751,0.312043138174,1.02324211622
0.701483405706,0.312137138969,1.02372004051
0.701368346827,0.312054869107,1.0238475984
0.702084482554,0.311819866778,1.02315786395
0.701523010523,0.31196314124,1.02353031171
0.702174405007,0.311832436311,1.0227016424
0.701793750307,0.311864854064,1.02303956458
0.701485533886,0.311991847798,1.02375224048
0.701783158333,0.311836133739,1.02340498941
0.701407187486,0.312089087113,1.02372498741
0.701562566542,0.312178055641,1.0236109077
0.701790149123,0.312043780803,1.02331868191
0.701868817985,0.311876266296,1.02326709835
0.701875412346,0.311743063579,1.02338756009
0.701380275554,0.311968395053,1.02370918143
0.701221747902,0.312285740112,1.02404757519
0.701832413299,0.311912952981,1.02314837193
0.701945633983,0.311715942193,1.02312049649
0.701650814752,0.31185653849,1.02366053344
0.701697827039,0.312123606498,1.02322122128
0.701323677851,0.312101744729,1.02359954276
0.7017256847,0.311935883021,1.02328283414
0.701704858799,0.311886945644,1.02338338913
0.702024203027,0.311994742966,1.02303403455
0.701372668138,0.312081794381,1.0233072926
0.70174520358,0.312009509425,1.02317887475
0.701522709135,0.311970614179,1.0235687323
0.701860186614,0.311751212185,1.02336396132
0.701935787491,0.311930895509,1.02307532791
0.701438939165,0.312085061772,1.02341766328
0.701973045607,0.311889183673,1.02314164018
0.701968926935,0.311891549043,1.0232141195
0.701737718469,0.311874130396,1.02336166592
0.702077701629,0.31194054506,1.02291720078
-0.0191991664236,-0.409271809843,1.29540277198
-0.0190793028625,-0.408832748882,1.29480178628
-0.0192845143507,-0.409933596998,1.29613040695
-0.0192422831854,-0.409084156322,1.29588941213
-0.0192281367214,-0.40911465882,1.29543260387
-0.0189601709551,-0.409251346279,1.29555137424
-0.0191541295361,-0.410245825773,1.29593712257
-0.0191274717599,-0.409810126703,1.29540386711
-0.0191903682746,-0.408944892846,1.29538474019
-0.0193352381245,-0.409547232901,1.29522661569
-0.0192860504425,-0.410164159767,1.29681427981
-0.0192114882528,-0.410040712357,1.29506838327
-0.0190475285299,-0.409079533216,1.29479431044
-0.0192802641244,-0.409352618713,1.29634915028
-0.0193260073448,-0.409241960913,1.29596368421
-0.0192153599055,-0.409035515343,1.29553157111
-0.01923358302,-0.409955639815,1.29577346705
-0.0189376631435,-0.409115234206,1.29574086214
-0.0191622724,-0.409161507836,1.29529432515
-0.0192920216736,-0.410117831399,1.2957755423
-0.0192900385203,-0.409314224346,1.29640378484
-0.019215836348,-0.408951141749,1.2951744625
-0.0191879483015,-0.409103202004,1.29545103409
-0.0191783912903,-0.409875231673,1.29560047432
-0.0193076193236,-0.409957196143,1.29543195447
-0.0191849304899,-0.408971684461,1.29529727935
-0.0192153049601,-0.408827244182,1.29487735038
-0.0191058653658,-0.409060467217,1.29562163892
-0.0191265084308,-0.409336413431,1.29558684033
-0.0191360912507,-0.409168389483,1.29595534115
-0.0191999511928,-0.409128953786,1.29532232098
-0.019103500514,-0.409022662593,1.29543318931
-0.0191879660651,-0.409215290389,1.29507146138
-0.0191761525904,-0.408951208855,1.2951514488
-0.0190995198763,-0.40944174072,1.29591686589
-0.0193601596213,-0.409826755078,1.29589324585
-0.0190716391831,-0.409328027268,1.29554506671
-0.0190903955636,-0.409136103841,1.29546799618
-0.0193214268701,-0.410401171345,1.29641521199
-0.0193857459344,-0.40971436776,1.29585679123
-0.0193598978971,-0.409718838856,1.29529732495
-0.019303626576,-0.40986714751,1.29531155088
-0.0190440961004,-0.408923516347,1.29464746348
-0.0191654484691,-0.409446429229,1.29579674505
-0.0192725574934,-0.409617478509,1.29534570409
-0.0192268085287,-0.408630643595,1.29463830719
-0.019210281677,-0.408992028786,1.29524757181
-0.0190754192115,-0.410296128325,1.29587609831
-0.0192401939705,-0.410147116468,1.29559864414
-0.0193466600139,-0.409113641796,1.29546957306
-0.0193558134803,-0.408932076996,1.2953449889
-0.0191781017031,-0.408905616133,1.29536666851
-0.0192044740588,-0.410231894252,1.29608343138
-0.0191935251217,-0.409257097531,1.29511661161
-0.0191227151999,-0.408905558245,1.29533422598
-0.0194104736005,-0.408824747406,1.29509612734
-0.0191280655569,-0.409212308909,1.2955517256
-0.0191609792431,-0.409152181837,1.2954355119
-0.0189245768862,-0.410128790579,1.29587562959
-0.0192488980891,-0.409046093079,1.2954552872
-0.019413744651,-0.408971407154,1.2953930803
-0.0192687063535,-0.408940158707,1.29535403289
-0.019051028246,-0.410061026267,1.29532675798
-0.0189875415044,-0.410174903557,1.29555501894
-0.0191083401194,-0.40960547822,1.29625902707
-0.0193216336297,-0.408894756373,1.29540429677
-0.0192103535459,-0.4088447213,1.29532284282
-0.0191690106759,-0.410196331966,1.2962272001
-0.0190761287314,-0.40954875535,1.29578651924
-0.0189595787819,-0.40910097567,1.29506791634
-0.0192556353584,-0.409067740258,1.29554623613
-0.0193647752967,-0.40909839681,1.29545569973
-0.0193098175747,-0.409237239348,1.29554412352
-0.0192325169163,-0.4101526127,1.2954928293
-0.0190670942258,-0.410232290761,1.29504600888
-0.019030679989,-0.40938811604,1.295172589
-0.0192833532075,-0.40924438627,1.29595494566
-0.0193700979669,-0.408786377965,1.29508983375
-0.0193249460714,-0.409410361466,1.29462443888
-0.0190650047331,-0.410093218175,1.29565553261
-0.0190706065247,-0.409287414997,1.2950539849
-0.0192916557809,-0.410041164573,1.29554321341
-0.0193475291775,-0.408847144408,1.29524788913
-0.0192766128797,-0.408708933187,1.29488536186
-0.0191846431448,-0.409830994228,1.29544933464
-0.0191024817649,-0.409939330227,1.29510923806
-0.0190605168243,-0.409357127539,1.29560801946
-0.0191714902665,-0.408985837422,1.29524414467
-0.0194283806759,-0.409039080786,1.2953902627
-0.0191801828158,-0.409009251512,1.29523908292
-0.0192255926334,-0.410099856546,1.29557735387
-0.0190965609373,-0.410022720781,1.29528022551
-0.019160853627,-0.408960958124,1.29504204158
-0.0191385390916,-0.409022918852,1.29515743576
-0.0192856067747,-0.408990899463,1.29514374294
-0.0192277079188,-0.409772211672,1.29516271635
-0.0192170957606,-0.409015494708,1.29487964842
-0.0191612348516,-0.409095499359,1.2949420666
-0.0191796086203,-0.409780534204,1.29509596822
-0.0191365183984,-0.409080685113,1.29517565619
-0.0192467604781,-0.408700133274,1.2942189016
-0.0192077035531,-0.409005079714,1.29484525703
-0.019258763822,-0.409851966434,1.2952151409
-0.0191998436472,-0.409832750644,1.29477613261
-0.0191628061101,-0.410188227177,1.29623032262
-0.0191969352338,-0.408879504707,1.29491762668
-0.019263374954,-0.409731623829,1.29550835381
-0.0193339886026,-0.408856931821,1.29483588413
-0.0192365014724,-0.409813552922,1.29506512593
-0.0190661990702,-0.41014175969,1.29590318198
-0.0190890761337,-0.409099572617,1.29508665767
-0.0191549928438,-0.408687022587,1.29463642323
-0.0193324189577,-0.408777931145,1.29487661389
-0.0193570755431,-0.41000693672,1.29582320358
-0.0190782978581,-0.409036368033,1.29513693217
-0.0191264578524,-0.410106550173,1.29576763006
-0.0190208097135,-0.408799613804,1.29476210222
-0.0192570136476,-0.408906486152,1.29506079067
-0.0193115419828,-0.408740195934,1.29501289694
-0.0192402913035,-0.409118193091,1.29547558192
-0.0191819236081,-0.409817879294,1.29533505361
-0.0190339019048,-0.410032427791,1.29566243836
-0.0192488956168,-0.409977326753,1.29534334572
-0.0191954168097,-0.410063753977,1.29589023539
-0.0193659409511,-0.409659212521,1.29573177783
-0.0191794187754,-0.40896788206,1.29564288822
-0.0190492284555,-0.409049616801,1.2950928853
-0.0191516598653,-0.410279209955,1.29555769811
-0.0191997425345,-0.41012661981,1.29559032919
-0.0193230971507,-0.409053976545,1.29556563653
-0.0193537205679,-0.408947445264,1.29554033644
-0.0191594573968,-0.408787373231,1.29474550609
-0.0190805851261,-0.410127694775,1.29551583098
-0.0192209825901,-0.410159209531,1.29568885807
-0.0190656801183,-0.408974100046,1.29535006102
-0.0191660519355,-0.408986014585,1.29521499758
-0.0191993982281,-0.408796505717,1.29511421842
-0.0191196884895,-0.409029357431,1.29516976702
-0.0191376002074,-0.409830458854,1.29483305059
-0.0191266677667,-0.410057279377,1.29545136769
-0.0191199076868,-0.409154657079,1.29532321293
-0.0192631445622,-0.409007994034,1.29542519551
-0.0190956267185,-0.408986879145,1.2951613003
-0.0190042655234,-0.410036384912,1.29550645005
-0.0191109556305,-0.409192455603,1.29498105552
-0.0192217503272,-0.409993648912,1.29570843261
-0.0191662882978,-0.408889952848,1.29557830894
-0.0192052125396,-0.408941847257,1.29547223939
-0.019061783604,-0.409217652538,1.2952210842
-0.0193176628921,-0.410090724041,1.29569754136
-0.0192185656717,-0.40983095443,1.29500751846
-0.0190490136113,-0.408855698582,1.29500541483
-0.0192087831488,-0.409031737884,1.29516555186
-0.0191500013264,-0.408783110757,1.29493234655
-0.0191407202814,-0.408889626368,1.2948784892
-0.0190366121963,-0.409107671944,1.2949440462
-0.0190494356262,-0.408931017686,1.29503605743
-0.0191823490488,-0.408874115255,1.29510899909
-0.0191204309179,-0.408858432144,1.2949764489
-0.0191765752639,-0.408906415918,1.29523849034
-0.0190647020612,-0.409046688613,1.29522182856
-0.0190595378617,-0.409143778868,1.29493375243
-0.01923675055,-0.409889808621,1.29513924874
-0.0192299891819,-0.41003661079,1.29525400643
-0.0192699928654,-0.409818229069,1.2953687673
-0.0191827738214,-0.409932456482,1.29578863904
-0.019171862593,-0.409927617026,1.29525584761
-0.0191763818588,-0.409151990658,1.29517699618
-0.0190282806156,-0.408983720588,1.29488945348
-0.0191310598379,-0.408850677867,1.29483574022
-0.0191542945673,-0.408720045763,1.29489392428
-0.0191397853561,-0.40884206988,1.29518549031
-0.0191083841451,-0.409050511355,1.29532606757
-0.0192433246475,-0.40997174806,1.29531066175
-0.0190389880723,-0.409082859038,1.29520081025
-0.0191124668778,-0.409251025639,1.29517536325
-0.0192584563124,-0.408799743873,1.29496805948
-0.0192149766988,-0.409114361808,1.29570784425
-0.0192130906271,-0.409052268616,1.29519085422
-0.0191127432081,-0.410031708664,1.29530577012
-0.018998426479,-0.409343805736,1.29536811532
-0.0192963974716,-0.409956553036,1.29544395025
-0.0191977696623,-0.40883993303,1.29511384805
-0.0193020731757,-0.408775635224,1.29465055703
-0.0191679760909,-0.408897903678,1.29492393572
-0.0191562073878,-0.410110480635,1.29554219862
-0.0190543059023,-0.409127900019,1.29521529135
-0.019078119445,-0.408720253156,1.29477825267
-0.0192178303575,-0.408852232,1.29488124058
-0.0191629332907,-0.408841321758,1.29442406488
-0.0192232947883,-0.410171580545,1.29540072458
-0.0189498779669,-0.409063456276,1.29520493399
-0.0190620819462,-0.409008870308,1.29568508114
-0.0192961985393,-0.408725537953,1.29501872014
-0.0192496000944,-0.409838060801,1.29551663321
-0.0191904749733,-0.410179885865,1.29555130049
-0.0190201289178,-0.408873211694,1.29456954051
-0.0192277603155,-0.409982131926,1.29544680636
-0.0192184077148,-0.408760931921,1.29468031539
-0.0192101898482,-0.409000961573,1.29539158274
-0.0190729199729,-0.408828887334,1.29500585237
-0.0191873955398,-0.409978423978,1.29535992777
-0.0190726711766,-0.409182655853,1.29511016193
-0.019059452975,-0.409164536352,1.29555598556
-0.0192779426767,-0.408946589236,1.29517511251
-0.0192988345778,-0.409770166547,1.29527327594
-0.0191763334755,-0.408964765448,1.29496228621
-0.0191800663263,-0.409820154019,1.29505817956
-0.0190443552532,-0.410020078339,1.29545802947
-0.0190420873124,-0.408985118256,1.29508649499
-0.0192106750399,-0.408986614997,1.29539757359
-0.0192875073292,-0.408906270176,1.29552230924
-0.0192728811367,-0.410070638308,1.29548967212
-0.0192423673906,-0.410106069885,1.29559483853
-0.0190260327052,-0.409009507761,1.29473422531
-0.0191352663748,-0.408842929239,1.29506764023
-0.0192003244804,-0.409723883907,1.29535041082
-0.0191602590916,-0.40995196774,1.29538119286
-0.0190785754491,-0.410037112871,1.29548168232
-0.019079711635,-0.409110455272,1.29545882718
-0.0190871410958,-0.40908674796,1.29503311894
-0.0192547742711,-0.410013914503,1.2958190334
-0.0191598159453,-0.408945934225,1.29553461834
-0.0192766883892,-0.409139582244,1.29531833644
-0.0191663494978,-0.409944903993,1.29536692509
-0.0192040465523,-0.410000094515,1.29539897962
-0.0190847133813,-0.408863223879,1.29493217777
-0.0192159927926,-0.408962129171,1.29514190877
-0.0191699684418,-0.409167664893,1.29534683719
-0.019090066724,-0.409114649342,1.29549572257
-0.0191222890978,-0.409878444393,1.29544900291
-0.0190462893912,-0.409859972045,1.29515203314
-0.0190095735681,-0.409217767328,1.29547505262
-0.0192864526194,-0.409822170361,1.29551663454
-0.019272075414,-0.409134012926,1.2957565629
-0.0190904499599,-0.409166832584,1.29541294271
-0.0190684534939,-0.41008368362,1.29548788671
-0.0190787134835,-0.409974643964,1.29517728606
-0.0191766610772,-0.40888672103,1.29508644214
-0.019332127819,-0.408791213658,1.29488571597
-0.0192831951744,-0.408907485393,1.29486381282
-0.0191393695745,-0.409130929605,1.29516030676
-0.0189514091385,-0.408764389811,1.29441658925
-0.0191601920341,-0.410088271511,1.29558381061
-0.0192651844748,-0.409013119163,1.29530168134
-0.0192959810187,-0.408685791604,1.29477308632
-0.0191161301121,-0.408942314213,1.29512563154
-0.0190282716341,-0.40983734883,1.29461107895
-0.0192175872163,-0.41043475269,1.2959046661
-0.0192180232723,-0.408825813,1.29461345725
-0.0193215982795,-0.409577568641,1.29502295852
-0.019449042301,-0.409437232188,1.29527434119
-0.0191853321196,-0.408971489798,1.29513936419
-0.0191560586783,-0.410131476018,1.29553679952
-0.0191426595328,-0.409073288819,1.29483373874
-0.0190863842417,-0.408980673483,1.29505949049
-0.0193118331398,-0.40967238782,1.29546788952
-0.0193421511792,-0.409652846278,1.29541811873
-0.0190905428992,-0.409876986353,1.29548613123
-0.0189820323611,-0.409815986169,1.29495263985
-0.019170023598,-0.408837035373,1.29490911386
-0.0192872623316,-0.409149266773,1.29570455087
-0.0193361394812,-0.408919611424,1.29528098867
-0.0191304099828,-0.410072153458,1.29593411514
-0.0191324977684,-0.409858455117,1.2945700123
-0.0192205908053,-0.409860557894,1.29534785342
-0.0193205080632,-0.409006996656,1.29540473633
-0.0192343354041,-0.408967725262,1.29561422711
-0.0190932464295,-0.408891781029,1.29532451006
-0.0190716411325,-0.409446151535,1.29555543386
-0.0190424759313,-0.409062028623,1.29520952093
-0.0193873684016,-0.409737465319,1.29588209728
-0.0191682340844,-0.409041542945,1.29557451115
-0.0192414677179,-0.40878097126,1.29466033613
-0.019135753345,-0.409466319502,1.29597770803
-0.0191613777396,-0.409109487609,1.29512235954
-0.0191684901925,-0.408954380463,1.29505180153
-0.0191528582294,-0.410221675804,1.2957850295
-0.0190893014076,-0.409084683012,1.29580962648
-0.0191799315656,-0.410491530143,1.29704429365
-0.0192026066319,-0.409333513981,1.29596132668
-0.0191112031457,-0.409569960448,1.29683374243
-0.0192377778038,-0.409256831911,1.29624882177
-0.0191953204649,-0.409065068238,1.2959066266
-0.0192348463112,-0.410247178893,1.29649652493
-0.0190719464478,-0.409308076871,1.29604785673
-0.0191505677375,-0.409259408911,1.29626808831
-0.0193225497603,-0.410037391334,1.29691020919
-0.0190930351194,-0.41033159137,1.29651667564
-0.0191105157411,-0.409580627407,1.29621246358
-0.0192017658789,-0.409321694885,1.29568446927
-0.0192957875375,-0.409143354229,1.29594780058
-0.0192841533719,-0.41037970171,1.29673320225
-0.0191199501656,-0.410276489425,1.29604699104
-0.0190621085392,-0.409575795934,1.29629159226
-0.0191967850796,-0.408975289178,1.29567548141
-0.0193959887892,-0.410139374097,1.29650276703
-0.0190718803058,-0.410513643967,1.29712339919
-0.0190580613016,-0.410508713607,1.2965025553
-0.019104098746,-0.409556091352,1.29685590007
-0.0193151791942,-0.408961085984,1.29570221585
-0.0193161964796,-0.410066651083,1.29611315387
-0.0191736021713,-0.409501320588,1.29592515502
-0.0190980328637,-0.410253953384,1.29597304577
-0.0193393535588,-0.41006354751,1.29651959187
-0.019375828733,-0.409068881043,1.29589586685
-0.019323706251,-0.410179666428,1.29587313566
-0.0190580501186,-0.410454177123,1.29634032883
-0.0190977035496,-0.409279672916,1.29590854912
-0.0192954599492,-0.409122137947,1.29571345547
-0.0192342925057,-0.409106308516,1.29595481088
-0.0190536242283,-0.410341181472,1.29611158847
0.699640526228,0.312088866338,1.02311410995
0.698328215249,0.312635072167,1.02277443919
0.698323482047,0.312625885541,1.02396877664
0.698651536018,0.31228469282,1.0240297996
0.699149234673,0.312157941089,1.02373590906
0.69894515926,0.312359213896,1.02309095274
0.698118808829,0.312798464473,1.02403146441
0.698898437439,0.312390681985,1.02380804242
0.698303346264,0.312343176671,1.0236749473
0.698262468573,0.312424564408,1.02348512818
0.697673972443,0.312727992853,1.02371652931
0.699255657764,0.312269422117,1.02321990324
0.698700257137,0.312203951376,1.02392392159
0.697882972793,0.312570322321,1.02379387231
0.698168997779,0.312437179927,1.02334938955
0.698561798413,0.312477761834,1.02365345187
0.698830182405,0.312409564151,1.02391994331
0.699091823585,0.312103484266,1.02379998163
0.697990291157,0.312540709452,1.02368326885
0.697874707509,0.312658322795,1.02361702593
0.697721692218,0.31268252941,1.02409389426
0.698691105178,0.312305968211,1.02418832822
0.698239150162,0.312491196083,1.02363185145
0.698938500463,0.312360010419,1.023556796
0.698280194568,0.312423919272,1.02344470181
0.698981063147,0.312302391885,1.02385400846
0.699406798519,0.312201620599,1.02333568022
0.698080696421,0.312526996912,1.02371751615
0.697757773637,0.312563124434,1.02383738269
0.698330551328,0.31229766598,1.02346078525
0.699054455759,0.312313844411,1.02371618543
0.698965004218,0.312384630415,1.02371904689
0.698561264355,0.312407719016,1.02429140709
0.699281405667,0.312171160584,1.02335802177
0.699243484956,0.312280824978,1.02351268644
0.69802824913,0.312409531803,1.02372361026
0.697939792728,0.312549676358,1.02357985752
0.697831427694,0.312447832789,1.02371083325
0.698901242751,0.312221752951,1.02382729103
0.698596840521,0.312441722995,1.02391023067
0.698073646032,0.312546651716,1.02354246198
0.699026654189,0.312204744264,1.02361173951
0.699476745924,0.31193736086,1.02313650534
0.699172691766,0.312405581363,1.0237497678
0.69912903481,0.312286771777,1.02347539647
0.698769811655,0.31241096564,1.02376602808
0.698816965174,0.312242776873,1.02395268624
0.69807788536,0.312350174477,1.02379235288
0.69862278749,0.312325129348,1.02378999443
0.699154759541,0.312376395424,1.02334460932
0.699080133223,0.312260693957,1.02346268192
0.697846645757,0.312408413208,1.02413478876
0.698262340633,0.31235130009,1.02345371136
0.697876550312,0.31265286755,1.02361440665
0.698596134623,0.312568074864,1.02383788498
0.699110252083,0.312265171009,1.02339857279
0.698790062617,0.312285713484,1.02400281656
0.698098328716,0.312507508973,1.0236714229
0.698747289487,0.312426042604,1.02369541858
0.697898177037,0.312564835313,1.02348485252
0.698897071978,0.312278369672,1.02351691535
0.699321722788,0.312164525812,1.02321196386
0.698069899461,0.312473350177,1.02354529395
0.698762632852,0.312469167023,1.02338994849
0.698628806603,0.312507808022,1.02412497037
0.698829953845,0.312281235206,1.02400335047
0.697751011637,0.312523886056,1.02401679854
0.697949760218,0.312459816983,1.02341638195
0.699293921734,0.3122133138,1.02324775749
0.698577997892,0.312268792237,1.02289057753
0.698039728063,0.31246695794,1.02341256694
0.699174600778,0.312051873021,1.02331229101
0.69801138172,0.312482359996,1.02372732539
0.697961527438,0.312491145814,1.02379171846
0.697842619339,0.312510233211,1.02359944964
0.699150876585,0.312322034774,1.0237612969
0.699271049994,0.312075313103,1.02337324223
0.698832521931,0.312330769903,1.02354799837
0.698755356192,0.312500004709,1.02350594376
0.698938309856,0.312429748725,1.02343367893
0.698861437829,0.312242702191,1.02377207887
0.697947247669,0.31241279284,1.02398160844
0.69822301377,0.3125573311,1.0233784712
0.697696149901,0.31254499648,1.02342744872
0.698342382692,0.312384282114,1.02301324157
0.698890208846,0.312066267561,1.02385292184
0.698194950503,0.312245127571,1.02364108332
0.697872586834,0.312579403622,1.02375309778
0.698003401319,0.312668920257,1.02329788782
0.698987138359,0.312161748171,1.02377547602
0.699162930298,0.312071037067,1.02361112356
0.698869865259,0.312193702375,1.02381260549
0.698107835978,0.312633587222,1.02326988339
0.697616912437,0.312706539928,1.02383733138
0.698112813627,0.312309124165,1.02385060226
0.699044075337,0.312047196055,1.0238755619
0.698075468403,0.312546060622,1.02351746172
0.697597682712,0.312663249507,1.02360729164
0.698437349455,0.31231841311,1.02322203264
0.699239273583,0.311904115804,1.0235732068
0.698944162402,0.312210365855,1.02366498193
0.697887934516,0.312717805273,1.02352990696
0.697621287769,0.312792713667,1.02362630006
0.698548461023,0.312139834215,1.02423378045
0.698936158132,0.312022459584,1.02391898224
0.697801182205,0.312537414141,1.02360024928
0.697550697722,0.312788947831,1.02368837673
0.698715890697,0.312525249307,1.02376952845
0.69877788334,0.312181748818,1.02398393904
0.699177378236,0.312005424655,1.02359658264
0.697916743668,0.312681745668,1.02362823452
0.697780624058,0.31276328238,1.0233698518
0.698827617104,0.312193669786,1.0236451319
0.699423154458,0.312029935819,1.02353487271
0.698036294029,0.312304299432,1.02343446296
0.69748598813,0.312733968514,1.02353285077
0.698436611133,0.312680946474,1.02382133098
0.699329276631,0.312046483544,1.02348911428
0.698079684952,0.3123700207,1.02371458732
0.698996308067,0.312384796371,1.0233338674
0.697894584333,0.312724064353,1.0235205834
0.698107582581,0.312534490992,1.02348237589
0.699052307355,0.312100536736,1.02375305044
0.698886355812,0.31218418692,1.02366602888
0.699038453523,0.312401074198,1.02352490051
0.69794067199,0.31250011703,1.02340280864
0.698714142869,0.312340339057,1.02409714976
